8
0  54 14 12 21 17 0  47
54 0  63 35 29 30 16 31
14 63 0  31 0  27 21 0
12 35 31 0  54 43 24 13
21 29 0  54 0  54 62 54
17 30 27 43 54 0  37 0
0  16 21 24 62 37 0  19
47 31 0  13 54 0  19 0